290 145
0 289
1 15
2 3
4 5
6 22
7 8
9 10
11 25
12 26
13 14
16 29
17 30
18 19
20 21
23 24
27 37
28 51
31 32
33 40
34 43
35 36
38 39
41 42
44 45
46 57
47 48
49 50
52 53
54 55
56 65
58 59
60 61
62 76
63 64
66 79
67 80
68 69
70 71
72 73
74 75
77 78
81 92
82 83
84 85
86 96
87 97
88 98
89 90
91 100
93 119
94 95
99 108
101 102
103 104
105 106
107 118
109 110
111 112
113 114
115 124
116 117
120 121
122 132
123 135
125 136
126 127
128 139
129 130
131 143
133 134
137 138
140 141
142 153
144 154
145 155
146 156
147 148
149 150
151 160
152 162
157 170
158 159
161 185
163 174
164 175
165 166
167 178
168 169
171 172
173 184
176 177
179 194
180 181
182 183
186 187
188 189
190 201
191 202
192 193
195 210
196 211
197 212
198 220
199 200
203 215
204 205
206 207
208 209
213 214
216 217
218 219
221 227
222 223
224 233
225 237
226 240
228 229
230 243
231 232
234 235
236 246
238 247
239 248
241 242
244 255
245 256
249 264
250 251
252 267
253 254
257 258
259 260
261 262
263 272
265 266
268 269
270 271
273 278
274 275
276 277
279 280
281 282
283 284
285 286
287 288
