8 0.01 0.0361745 0 0
8 0.01 0.0712083 0.005 0.00158114
8 0.0085 0.0939245 0.0215 0.00327872
8 0.009 0.117453 0.0745 0.00610328
8 0.01 0.13938 0.1725 0.00928709
8 0.0110605 0.152177 0.260247 0.0130124
8 0.0109428 0.164225 0.3367 0.016835
8 0.0112705 0.174367 0.409836 0.0204918
8 0.0118577 0.185037 0.527009 0.0263505
8 0.0126939 0.197204 0.564175 0.0282087
8 0.0121029 0.208357 0.605144 0.0302572
8 0.0138648 0.232407 0.693241 0.034662
8 0.0143885 0.254796 0.719424 0.0359712
8 0.01341 0.275243 0.766284 0.0383142
8 0.0159574 0.310182 0.70922 0.035461
8 0.0149813 0.341078 0.749064 0.0374532
