4 0.0025 0.0301354 0.0005 0.0005
4 0.003 0.0615625 0.0135 0.00259808
4 0.0035 0.0797396 0.033 0.00406202
4 0.0035 0.0996354 0.0685 0.00585235
4 0.0035 0.11951 0.1215 0.00779423
4 0.0035 0.130396 0.173 0.00930054
4 0.0037797 0.141052 0.215983 0.0107991
4 0.00440529 0.149832 0.251731 0.0125865
4 0.00403497 0.160376 0.268998 0.0134499
4 0.00393391 0.169158 0.314713 0.0157356
4 0.00377003 0.179607 0.377003 0.0188501
4 0.0055371 0.19862 0.442968 0.0221484
4 0.00417246 0.221459 0.556328 0.0278164
4 0.00455235 0.243551 0.60698 0.030349
4 0.00490196 0.270527 0.653595 0.0326797
4 0.00544465 0.302443 0.725953 0.0362976
8 0.004 0.029849 0 0
8 0.006 0.05975 0 0
8 0.008 0.0798333 0.0025 0.00111803
8 0.008 0.0994453 0.0205 0.00320156
8 0.009 0.120339 0.06 0.00547723
8 0.0095 0.129831 0.101 0.00710634
8 0.0095 0.140378 0.1575 0.00887412
8 0.00968661 0.149409 0.22792 0.011396
8 0.0106082 0.160346 0.282885 0.0141443
8 0.0106952 0.171429 0.356506 0.0178253
8 0.0108225 0.180505 0.4329 0.021645
8 0.0108548 0.200461 0.542741 0.027137
8 0.0121029 0.218766 0.605144 0.0302572
8 0.0122807 0.240579 0.701754 0.0350877
8 0.0144665 0.270664 0.723327 0.0361664
8 0.0131086 0.300386 0.749064 0.0374532
16 0.01 0.0299382 0 0
16 0.02 0.0601647 0 0
16 0.0285 0.0799004 0 0
16 0.0365 0.0996875 0.001 0.000707107
16 0.048 0.119995 0.016 0.00282843
16 0.0525 0.130013 0.0445 0.00471699
16 0.0555 0.139827 0.097 0.00696419
16 0.061 0.150209 0.1675 0.0091515
16 0.0687023 0.159918 0.305344 0.0152672
16 0.0766129 0.170327 0.403226 0.0201613
16 0.0799508 0.179031 0.492005 0.0246002
16 0.0851419 0.199723 0.66778 0.033389
16 0.0955882 0.220265 0.735294 0.0367647
16 0.105751 0.240535 0.742115 0.0371058
16 0.111927 0.270028 0.733945 0.0366972
16 0.119626 0.299796 0.747664 0.0373832
