4 0.002 0.02 0.0389792 0.0125 0.0025
4 0.003 0.04 0.0773542 0.052 0.00509902
4 0.0035 0.06 0.111292 0.126 0.00793725
4 0.00388242 0.08 0.145637 0.221852 0.0110926
4 0.00393391 0.1 0.17483 0.314713 0.0157356
4 0.00429646 0.12 0.206856 0.429646 0.0214823
4 0.00383632 0.14 0.230765 0.511509 0.0255754
4 0.00443131 0.16 0.262063 0.590842 0.0295421
4 0.00479233 0.18 0.284412 0.638978 0.0319489
4 0.00522648 0.2 0.308725 0.696864 0.0348432
8 0.004 0.02 0.0391771 0 0
8 0.0055 0.04 0.0754792 0.0065 0.00180278
8 0.007 0.06 0.110641 0.041 0.00452769
8 0.0085 0.08 0.145682 0.128 0.008
8 0.00957592 0.1 0.176599 0.273598 0.0136799
8 0.0107411 0.12 0.20595 0.429646 0.0214823
8 0.0106242 0.14 0.23434 0.531208 0.0265604
8 0.0117647 0.16 0.259471 0.672269 0.0336134
8 0.0117253 0.18 0.283571 0.670017 0.0335008
8 0.0180832 0.2 0.307866 0.723327 0.0361664
16 0.013 0.02 0.0395729 0 0
16 0.0205 0.04 0.0760703 0 0
16 0.0265 0.06 0.110871 0.002 0.001
16 0.0285 0.08 0.144427 0.0375 0.00433013
16 0.051 0.1 0.176177 0.153 0.00874643
16 0.0541781 0.12 0.205827 0.367309 0.0183655
16 0.057971 0.14 0.232258 0.57971 0.0289855
16 0.0809793 0.16 0.26102 0.753296 0.0376648
16 0.0925267 0.18 0.285573 0.711744 0.0355872
16 0.0948767 0.2 0.307964 0.759013 0.0379507
