4 0.001 0.0294792 0.012 0.00244949
4 0.002 0.0565625 0.0505 0.00502494
4 0.002 0.0760417 0.0955 0.00691014
4 0.002 0.0937083 0.138 0.00830662
4 0.00276243 0.111349 0.220994 0.0110497
4 0.00192061 0.122599 0.256082 0.0128041
4 0.00258732 0.126914 0.258732 0.0129366
4 0.00231125 0.134181 0.308166 0.0154083
4 0.00330579 0.143733 0.330579 0.0165289
4 0.00171821 0.14995 0.343643 0.0171821
4 0.00289296 0.160841 0.385728 0.0192864
4 0.00329308 0.17833 0.439078 0.0219539
4 0.00249377 0.191293 0.498753 0.0249377
4 0.00284495 0.203295 0.56899 0.0284495
4 0.0030303 0.221843 0.606061 0.030303
4 0.00312989 0.240741 0.625978 0.0312989
8 0.002 0.0285781 0.001 0.000707107
8 0.0035 0.0581927 0.0095 0.00217945
8 0.0035 0.076474 0.04 0.00447214
8 0.0045 0.0913646 0.094 0.00685565
8 0.0045 0.110427 0.16 0.00894427
8 0.00519931 0.118477 0.23108 0.011554
8 0.00516462 0.124583 0.258231 0.0129116
8 0.00574713 0.134467 0.328407 0.0164204
8 0.00657277 0.143046 0.375587 0.0187793
8 0.0055371 0.150955 0.442968 0.0221484
8 0.00662983 0.158851 0.441989 0.0220994
8 0.00667557 0.172174 0.534045 0.0267023
8 0.00630915 0.190901 0.630915 0.0315457
8 0.00819672 0.205328 0.655738 0.0327869
8 0.00690846 0.224741 0.690846 0.0345423
8 0.00727273 0.245758 0.727273 0.0363636
16 0.0055 0.0292044 0 0
16 0.0085 0.0576784 0.0005 0.0005
16 0.01 0.0760872 0.0095 0.00217945
16 0.012 0.0934349 0.0425 0.00460977
16 0.0155 0.110629 0.1355 0.00823104
16 0.0165 0.118727 0.1835 0.00957862
16 0.017934 0.12738 0.286944 0.0143472
16 0.0212963 0.136147 0.37037 0.0185185
16 0.0230263 0.142541 0.438596 0.0219298
16 0.0250627 0.151942 0.501253 0.0250627
16 0.0237099 0.157634 0.55788 0.027894
16 0.0302521 0.174729 0.672269 0.0336134
16 0.0381818 0.189479 0.727273 0.0363636
16 0.0451128 0.202386 0.75188 0.037594
16 0.03861 0.226482 0.772201 0.03861
16 0.0446097 0.243974 0.743494 0.0371747
