8 0.0035 0.0293646 0 0
8 0.0055 0.0589453 0.008 0.002
8 0.007 0.0755755 0.025 0.00353553
8 0.008 0.0954219 0.0745 0.00610328
8 0.008 0.113268 0.144 0.00848528
8 0.009 0.120688 0.1755 0.0093675
8 0.00852273 0.129625 0.227273 0.0113636
8 0.00976971 0.139335 0.279135 0.0139567
8 0.00898473 0.147321 0.359389 0.0179695
8 0.00921659 0.155218 0.368664 0.0184332
8 0.0102669 0.163137 0.410678 0.0205339
8 0.00944669 0.179853 0.539811 0.0269906
8 0.0114943 0.195395 0.574713 0.0287356
8 0.0130293 0.212388 0.651466 0.0325733
8 0.0118846 0.232288 0.679117 0.0339559
8 0.0133843 0.256234 0.764818 0.0382409
