8 0.004 0.0301953 0.0005 0.0005
8 0.0075 0.0598464 0 0
8 0.0085 0.0798281 0.0035 0.00132288
8 0.009 0.100312 0.0175 0.00295804
8 0.0095 0.119555 0.0665 0.00576628
8 0.01 0.129076 0.1025 0.00715891
8 0.0105 0.14076 0.1585 0.00890225
8 0.0109589 0.149441 0.219178 0.0109589
8 0.0113879 0.160042 0.284698 0.0142349
8 0.0113835 0.171588 0.350263 0.0175131
8 0.012109 0.179144 0.403633 0.0201816
8 0.013369 0.199045 0.534759 0.026738
8 0.012987 0.219959 0.649351 0.0324675
8 0.0136752 0.237874 0.683761 0.034188
8 0.0143885 0.270843 0.719424 0.0359712
8 0.0169492 0.300789 0.753296 0.0376648
