4 0.002 0.02 0.038625 0.026 0.00360555
4 0.003 0.04 0.0730833 0.09 0.0067082
4 0.003367 0.06 0.111789 0.224467 0.0112233
4 0.00326531 0.08 0.143605 0.326531 0.0163265
4 0.00425985 0.1 0.174698 0.425985 0.0212993
4 0.00402685 0.12 0.203076 0.536913 0.0268456
4 0.00449102 0.14 0.23266 0.598802 0.0299401
4 0.0048 0.16 0.262533 0.64 0.032
4 0.00338409 0.18 0.281796 0.676819 0.0338409
4 0.00555556 0.2 0.306019 0.740741 0.037037
8 0.004 0.02 0.0394479 0.002 0.001
8 0.005 0.04 0.0768854 0.05 0.005
8 0.007 0.06 0.111932 0.194 0.00984886
8 0.00944386 0.08 0.145626 0.419727 0.0209864
8 0.00970874 0.1 0.176953 0.554785 0.0277393
8 0.010327 0.12 0.207329 0.688468 0.0344234
8 0.0108696 0.14 0.236168 0.724638 0.0362319
8 0.0112782 0.16 0.262277 0.75188 0.037594
8 0.0113852 0.18 0.284907 0.759013 0.0379507
8 0.0133333 0.2 0.307242 0.761905 0.0380952
16 0.009 0.02 0.0389674 0 0
16 0.0135 0.04 0.0765065 0.0085 0.00206155
16 0.0205 0.06 0.110146 0.1215 0.00779423
16 0.0318544 0.08 0.145001 0.455063 0.0227531
16 0.0415973 0.1 0.176611 0.665557 0.0332779
16 0.0506329 0.12 0.205503 0.723327 0.0361664
16 0.0605505 0.14 0.233534 0.733945 0.0366972
16 0.0685413 0.16 0.259401 0.702988 0.0351494
16 0.0811808 0.18 0.286103 0.738007 0.0369004
16 0.0871985 0.2 0.307369 0.742115 0.0371058
