8 0.0035 0.0311823 0.0015 0.000866025
8 0.004 0.0603229 0.017 0.00291548
8 0.005 0.0797161 0.0535 0.00517204
8 0.0055 0.098138 0.116 0.00761577
8 0.0065 0.115396 0.192 0.00979796
8 0.00704676 0.125194 0.256246 0.0128123
8 0.00844854 0.132316 0.30722 0.015361
8 0.00946644 0.141562 0.344234 0.0172117
8 0.00956429 0.14942 0.42508 0.021254
8 0.0083632 0.159448 0.477897 0.0238949
8 0.0104302 0.166653 0.521512 0.0260756
8 0.00841515 0.182861 0.56101 0.0280505
8 0.0106383 0.199001 0.607903 0.0303951
8 0.00995025 0.214639 0.66335 0.0331675
8 0.0108108 0.232048 0.720721 0.036036
8 0.0125899 0.257419 0.719424 0.0359712
