4 0.002 0.02 0.0390417 0.0095 0.00217945
4 0.003 0.04 0.0759375 0.0645 0.00567891
4 0.003 0.06 0.111562 0.1375 0.00829156
4 0.00413712 0.08 0.143445 0.236407 0.0118203
4 0.00332779 0.1 0.173461 0.332779 0.0166389
4 0.00449944 0.12 0.204818 0.449944 0.0224972
4 0.00412088 0.14 0.231857 0.549451 0.0274725
4 0.00597015 0.16 0.256281 0.597015 0.0298507
4 0.00326264 0.18 0.28786 0.652529 0.0326264
4 0.00499168 0.2 0.306572 0.665557 0.0332779
8 0.004 0.02 0.0398594 0 0
8 0.006 0.04 0.0774896 0.016 0.00282843
8 0.0075 0.06 0.111339 0.0765 0.00618466
8 0.009 0.08 0.14388 0.1985 0.00996243
8 0.00978648 0.1 0.176815 0.355872 0.0177936
8 0.011509 0.12 0.207081 0.511509 0.0255754
8 0.010355 0.14 0.234884 0.591716 0.0295858
8 0.0117845 0.16 0.258909 0.673401 0.03367
8 0.0126582 0.18 0.284283 0.723327 0.0361664
8 0.0128913 0.2 0.312347 0.736648 0.0368324
16 0.009 0.02 0.0392383 0 0
16 0.0145 0.04 0.0762057 0 0
16 0.0205 0.06 0.111022 0.026 0.00360555
16 0.0295 0.08 0.144316 0.1785 0.00944722
16 0.0410959 0.1 0.175909 0.421496 0.0210748
16 0.0515933 0.12 0.205698 0.60698 0.030349
16 0.0598911 0.14 0.232891 0.725953 0.0362976
16 0.0682657 0.16 0.260955 0.738007 0.0369004
16 0.0827068 0.18 0.284065 0.75188 0.037594
16 0.0868726 0.2 0.307644 0.772201 0.03861
