4 0.001 0.01 0.0192812 0.0585 0.00540833
4 0.0015 0.02 0.0389375 0.136 0.00824621
4 0.003 0.03 0.0565 0.1915 0.00978519
4 0.00287977 0.04 0.0770338 0.287977 0.0143988
4 0.00437445 0.05 0.0935039 0.349956 0.0174978
4 0.0029098 0.06 0.11227 0.387973 0.0193986
4 0.00444939 0.07 0.124652 0.444939 0.0222469
4 0.00384615 0.08 0.142869 0.512821 0.025641
4 0.00410959 0.09 0.160873 0.547945 0.0273973
4 0.0045045 0.1 0.175394 0.600601 0.03003
4 0.00606061 0.11 0.191383 0.606061 0.030303
4 0.00327332 0.12 0.210618 0.654664 0.0327332
4 0.00487805 0.13 0.213211 0.650407 0.0325203
4 0.00504202 0.14 0.231618 0.672269 0.0336134
4 0.00507614 0.15 0.247356 0.676819 0.0338409
8 0.003 0.01 0.019 0.008 0.002
8 0.003 0.02 0.0383672 0.0425 0.00460977
8 0.0035 0.03 0.0573828 0.1175 0.00766485
8 0.00380435 0.04 0.0747452 0.217391 0.0108696
8 0.00402576 0.05 0.0919384 0.322061 0.0161031
8 0.00426894 0.06 0.110576 0.426894 0.0213447
8 0.00510856 0.07 0.1252 0.510856 0.0255428
8 0.00580552 0.08 0.144911 0.580552 0.0290276
8 0.00656814 0.09 0.158713 0.656814 0.0328407
8 0.0048 0.1 0.178775 0.64 0.032
8 0.00690846 0.11 0.189497 0.690846 0.0345423
8 0.00732601 0.12 0.204012 0.732601 0.03663
8 0.00705467 0.13 0.219715 0.705467 0.0352734
8 0.00739372 0.14 0.232498 0.739372 0.0369686
8 0.00702988 0.15 0.246293 0.702988 0.0351494
16 0.0045 0.01 0.0196602 0.0005 0.0005
16 0.0065 0.02 0.0393691 0.0075 0.00193649
16 0.008 0.03 0.0578398 0.068 0.00583095
16 0.0115 0.04 0.0759844 0.196 0.00989949
16 0.0134875 0.05 0.0934828 0.385356 0.0192678
16 0.0145985 0.06 0.109442 0.486618 0.0243309
16 0.0156495 0.07 0.126021 0.625978 0.0312989
16 0.0191638 0.08 0.145008 0.696864 0.0348432
16 0.0204461 0.09 0.161086 0.743494 0.0371747
16 0.0233393 0.1 0.17421 0.718133 0.0359066
16 0.025641 0.11 0.190269 0.732601 0.03663
16 0.0246212 0.12 0.203621 0.757576 0.0378788
16 0.0277264 0.13 0.219212 0.739372 0.0369686
16 0.0305344 0.14 0.233764 0.763359 0.0381679
16 0.0308285 0.15 0.245002 0.770713 0.0385356
