16 0.008 0.0200215 0 0
16 0.012 0.0401523 0 0
16 0.015 0.0596855 0.005 0.00223607
16 0.019 0.0802402 0.072 0.00848528
16 0.023 0.0999531 0.256 0.016
16 0.026 0.10948 0.349 0.0186815
16 0.0266821 0.119943 0.464037 0.0232019
16 0.0316265 0.130498 0.60241 0.0301205
16 0.0324786 0.141163 0.683761 0.034188
16 0.0325342 0.149177 0.684932 0.0342466
16 0.0356506 0.160602 0.713012 0.0356506
16 0.0378788 0.17975 0.757576 0.0378788
16 0.0436433 0.200909 0.759013 0.0379507
16 0.0502793 0.299545 0.744879 0.0372439
