16 0.007 0.019959 0 0
16 0.01 0.0389766 0.001 0.001
16 0.011 0.0585254 0.026 0.00509902
16 0.014 0.0772773 0.096 0.00979796
16 0.017 0.0955098 0.23 0.0151658
16 0.017 0.104363 0.36 0.0189737
16 0.0184382 0.112665 0.433839 0.021692
16 0.0206813 0.122607 0.486618 0.0243309
16 0.0231548 0.131721 0.578871 0.0289436
16 0.0224551 0.140979 0.598802 0.0299401
16 0.0250836 0.148317 0.668896 0.0334448
16 0.0273504 0.165401 0.683761 0.034188
16 0.0332103 0.181475 0.738007 0.0369004
16 0.0415842 0.257623 0.792079 0.039604
