4 0.001 0.01 0.019 0.0555 0.00526783
4 0.002 0.02 0.040625 0.1215 0.00779423
4 0.002 0.03 0.058125 0.1845 0.00960469
4 0.002414 0.04 0.0749472 0.2414 0.01207
4 0.00298063 0.05 0.0938431 0.298063 0.0149031
4 0.00365297 0.06 0.113413 0.365297 0.0182648
4 0.00307377 0.07 0.12801 0.409836 0.0204918
4 0.00348432 0.08 0.145035 0.464576 0.0232288
4 0.0037594 0.09 0.160636 0.501253 0.0250627
4 0.00408163 0.1 0.17534 0.544218 0.0272109
4 0.00291971 0.11 0.187682 0.583942 0.0291971
4 0.00477707 0.12 0.206708 0.636943 0.0318471
4 0.00312989 0.13 0.219875 0.625978 0.0312989
4 0.00473186 0.14 0.234917 0.630915 0.0315457
4 0.00332226 0.15 0.241071 0.664452 0.0332226
6 0.002 0.01 0.0207361 0.0125 0.0025
6 0.003 0.02 0.0395972 0.0495 0.00497494
6 0.0035 0.03 0.0566944 0.087 0.00659545
6 0.0035 0.04 0.0757361 0.153 0.00874643
6 0.003517 0.05 0.0935912 0.234467 0.0117233
6 0.00393082 0.06 0.11074 0.314465 0.0157233
6 0.00420168 0.07 0.123739 0.336134 0.0168067
6 0.00523013 0.08 0.143422 0.41841 0.0209205
6 0.00371747 0.09 0.160092 0.495663 0.0247831
6 0.00537634 0.1 0.177345 0.537634 0.0268817
6 0.00566572 0.11 0.189802 0.566572 0.0283286
6 0.00488599 0.12 0.205619 0.651466 0.0325733
6 0.0048 0.13 0.215333 0.64 0.032
6 0.00504202 0.14 0.228945 0.672269 0.0336134
6 0.00504202 0.15 0.24916 0.672269 0.0336134
8 0.003 0.01 0.0194687 0.0025 0.00111803
8 0.0035 0.02 0.0382344 0.0105 0.00229129
8 0.004 0.03 0.0564375 0.0415 0.00455522
8 0.0045 0.04 0.0748359 0.1015 0.0071239
8 0.0045 0.05 0.0938516 0.1855 0.00963068
8 0.00508582 0.06 0.111223 0.254291 0.0127146
8 0.00570962 0.07 0.126772 0.326264 0.0163132
8 0.0063358 0.08 0.14442 0.422386 0.0211193
8 0.00573394 0.09 0.156626 0.458716 0.0229358
8 0.00824176 0.1 0.174021 0.549451 0.0274725
8 0.00725689 0.11 0.190471 0.580552 0.0290276
8 0.00625978 0.12 0.201462 0.625978 0.0312989
8 0.008726 0.13 0.222949 0.69808 0.034904
8 0.00874126 0.14 0.230305 0.699301 0.034965
8 0.0070922 0.15 0.244653 0.70922 0.035461
10 0.0035 0.01 0.019515 0.0015 0.000866025
10 0.004 0.02 0.03967 0.004 0.00141421
10 0.0055 0.03 0.05821 0.032 0.004
10 0.008 0.04 0.07627 0.0795 0.00630476
10 0.0065 0.05 0.09305 0.1355 0.00823104
10 0.00725765 0.06 0.110088 0.207361 0.0103681
10 0.00761615 0.07 0.128058 0.304646 0.0152323
10 0.00817996 0.08 0.142873 0.408998 0.0204499
10 0.00887199 0.09 0.159328 0.506971 0.0253485
10 0.0084507 0.1 0.173296 0.56338 0.028169
10 0.00953895 0.11 0.188649 0.63593 0.0317965
10 0.00958466 0.12 0.20222 0.638978 0.0319489
10 0.0100671 0.13 0.216594 0.671141 0.033557
10 0.0109091 0.14 0.230964 0.727273 0.0363636
10 0.0109091 0.15 0.246364 0.727273 0.0363636
12 0.0035 0.01 0.0194167 0.001 0.000707107
12 0.005 0.02 0.0382743 0.0025 0.00111803
12 0.006 0.03 0.0577153 0.015 0.00273861
12 0.007 0.04 0.0751181 0.0415 0.00455522
12 0.008 0.05 0.0935312 0.117 0.00764853
12 0.0085 0.06 0.111486 0.1875 0.00968246
12 0.0104969 0.07 0.126239 0.279916 0.0139958
12 0.0102145 0.08 0.143386 0.40858 0.020429
12 0.00979192 0.09 0.159892 0.489596 0.0244798
12 0.0117647 0.1 0.175194 0.588235 0.0294118
12 0.0107362 0.11 0.18962 0.613497 0.0306748
12 0.0118243 0.12 0.203946 0.675676 0.0337838
12 0.0124334 0.13 0.217128 0.71048 0.035524
12 0.0126582 0.14 0.229129 0.723327 0.0361664
12 0.0147601 0.15 0.244414 0.738007 0.0369004
16 0.0055 0.01 0.0199277 0 0
16 0.008 0.02 0.0387734 0 0
16 0.0085 0.03 0.0578926 0.004 0.00141421
16 0.01 0.04 0.0756816 0.023 0.00339116
16 0.009 0.05 0.0927852 0.056 0.0052915
16 0.011 0.06 0.110539 0.1375 0.00829156
16 0.0117111 0.07 0.12712 0.260247 0.0130124
16 0.0136585 0.08 0.143266 0.390244 0.0195122
16 0.0151869 0.09 0.158231 0.46729 0.0233645
16 0.0171674 0.1 0.17506 0.572246 0.0286123
16 0.0204724 0.11 0.189868 0.629921 0.0314961
16 0.0246914 0.12 0.205371 0.705467 0.0352734
16 0.0251799 0.13 0.219354 0.719424 0.0359712
16 0.0291829 0.14 0.232908 0.77821 0.0389105
16 0.0288809 0.15 0.24242 0.722022 0.0361011
