4 2000 0.0005 0.01 0.0194687 0.063 0.00561249
4 2000 0.001 0.02 0.0393125 0.1265 0.00795299
4 1960 0.00153061 0.03 0.0569834 0.204082 0.0102041
4 1545 0.002589 0.04 0.0746764 0.2589 0.012945
4 1213 0.00247321 0.05 0.0909934 0.329761 0.016488
4 1069 0.00187091 0.06 0.109974 0.374181 0.0187091
4 843 0.00237248 0.07 0.130264 0.474496 0.0237248
4 811 0.00369914 0.08 0.141107 0.493218 0.0246609
4 739 0.00270636 0.09 0.161874 0.541272 0.0270636
4 723 0.00276625 0.1 0.172545 0.55325 0.0276625
4 654 0.0030581 0.11 0.194285 0.611621 0.030581
4 665 0.00300752 0.12 0.198026 0.601504 0.0300752
4 627 0.00318979 0.13 0.217105 0.637959 0.0318979
4 601 0.00499168 0.14 0.234193 0.665557 0.0332779
4 595 0.00336134 0.15 0.248109 0.672269 0.0336134
8 2000 0.0025 0.01 0.0194453 0.0055 0.00165831
8 2000 0.0025 0.02 0.0398984 0.049 0.00494975
8 2000 0.003 0.03 0.0573516 0.1165 0.00763217
8 1747 0.00286205 0.04 0.0758175 0.228964 0.0114482
8 1292 0.00309598 0.05 0.0916699 0.309598 0.0154799
8 819 0.003663 0.06 0.112962 0.4884 0.02442
8 766 0.00391645 0.07 0.127631 0.522193 0.0261097
8 686 0.00437318 0.08 0.144292 0.58309 0.0291545
8 611 0.00327332 0.09 0.160751 0.654664 0.0327332
8 589 0.00509338 0.1 0.177764 0.679117 0.0339559
8 566 0.00530035 0.11 0.192359 0.706714 0.0353357
8 577 0.00519931 0.12 0.203369 0.693241 0.034662
8 552 0.00543478 0.13 0.21892 0.724638 0.0362319
8 547 0.00548446 0.14 0.234004 0.731261 0.0365631
8 543 0.00552486 0.15 0.244792 0.736648 0.0368324
16 2000 0.0035 0.01 0.0196152 0 0
16 2000 0.0045 0.02 0.0388223 0.0105 0.00229129
16 2000 0.007 0.03 0.0580742 0.0645 0.00567891
16 2000 0.008 0.04 0.0760176 0.1985 0.00996243
16 1101 0.00908265 0.05 0.0934342 0.363306 0.0181653
16 786 0.00890585 0.06 0.109718 0.508906 0.0254453
16 599 0.0100167 0.07 0.127302 0.66778 0.033389
16 573 0.0122164 0.08 0.142697 0.69808 0.034904
16 572 0.0122378 0.09 0.159794 0.699301 0.034965
16 530 0.0132075 0.1 0.174432 0.754717 0.0377358
16 521 0.0153551 0.11 0.190282 0.767754 0.0383877
16 505 0.0158416 0.12 0.203117 0.792079 0.039604
16 532 0.018797 0.13 0.217729 0.75188 0.037594
16 532 0.0169173 0.14 0.230454 0.75188 0.037594
16 522 0.0210728 0.15 0.244814 0.766284 0.0383142
32 2000 0.0085 0.01 0.0197476 0 0
32 2000 0.0145 0.02 0.0388003 0 0
32 2000 0.025 0.03 0.0577842 0.0125 0.0025
32 2000 0.0375 0.04 0.0756113 0.139 0.00833667
32 958 0.0511482 0.05 0.0934421 0.417537 0.0208768
32 610 0.0688525 0.06 0.110313 0.655738 0.0327869
32 564 0.0851064 0.07 0.12763 0.70922 0.035461
32 539 0.105751 0.08 0.144462 0.742115 0.0371058
32 541 0.125693 0.09 0.159061 0.739372 0.0369686
32 535 0.143925 0.1 0.175037 0.747664 0.0373832
32 547 0.162706 0.11 0.189323 0.731261 0.0365631
32 545 0.174312 0.12 0.204039 0.733945 0.0366972
32 540 0.198148 0.13 0.218066 0.740741 0.037037
32 540 0.216667 0.14 0.232398 0.740741 0.037037
32 521 0.230326 0.15 0.245475 0.767754 0.0383877
