4 2000 0.002 0.01 0.028625 0.0775 0.00622495
4 2000 0.002 0.02 0.0565625 0.1975 0.0099373
4 1264 0.00316456 0.03 0.0838855 0.316456 0.0158228
4 941 0.0042508 0.04 0.117395 0.42508 0.021254
4 781 0.00384123 0.05 0.134683 0.512164 0.0256082
4 678 0.00294985 0.06 0.164961 0.589971 0.0294985
4 670 0.00447761 0.07 0.1875 0.597015 0.0298507
4 572 0.0034965 0.08 0.209681 0.699301 0.034965
4 603 0.00497512 0.09 0.234505 0.66335 0.0331675
4 575 0.00347826 0.1 0.256522 0.695652 0.0347826
4 535 0.00373832 0.11 0.285572 0.747664 0.0373832
4 552 0.00362319 0.12 0.296932 0.724638 0.0362319
4 503 0.00397614 0.13 0.317657 0.795229 0.0397614
4 531 0.00376648 0.14 0.330508 0.753296 0.0376648
4 533 0.00562852 0.15 0.351724 0.750469 0.0375235
8 2000 0.0035 0.01 0.0288945 0.1225 0.00782624
8 1256 0.00477707 0.02 0.0583325 0.318471 0.0159236
8 798 0.00501253 0.03 0.0853403 0.501253 0.0250627
8 690 0.0057971 0.04 0.110281 0.57971 0.0289855
8 594 0.00673401 0.05 0.139349 0.673401 0.03367
8 569 0.00702988 0.06 0.158667 0.702988 0.0351494
8 558 0.00896057 0.07 0.186492 0.716846 0.0358423
8 529 0.0094518 0.08 0.209018 0.756144 0.0378072
8 549 0.010929 0.09 0.233407 0.728597 0.0364299
8 540 0.00925926 0.1 0.254051 0.740741 0.037037
8 530 0.0113208 0.11 0.277727 0.754717 0.0377358
8 536 0.00746269 0.12 0.298289 0.746269 0.0373134
8 531 0.0094162 0.13 0.31762 0.753296 0.0376648
8 516 0.0116279 0.14 0.336134 0.775194 0.0387597
8 520 0.00961538 0.15 0.351608 0.769231 0.0384615
16 1293 0.00696056 0.01 0.0291171 0.309358 0.0154679
16 691 0.0101302 0.02 0.058557 0.578871 0.0289436
16 610 0.0147541 0.03 0.0861424 0.655738 0.0327869
16 547 0.0146252 0.04 0.11281 0.731261 0.0365631
16 556 0.0197842 0.05 0.137934 0.719424 0.0359712
16 524 0.0229008 0.06 0.163049 0.763359 0.0381679
16 530 0.0264151 0.07 0.187485 0.754717 0.0377358
16 540 0.0296296 0.08 0.211625 0.740741 0.037037
16 516 0.0310078 0.09 0.234371 0.775194 0.0387597
16 554 0.032491 0.1 0.255034 0.722022 0.0361011
16 542 0.0405904 0.11 0.276364 0.738007 0.0369004
16 531 0.0414313 0.12 0.297394 0.753296 0.0376648
16 534 0.0374532 0.13 0.317368 0.749064 0.0374532
16 542 0.0405904 0.14 0.335429 0.738007 0.0369004
16 557 0.0412926 0.15 0.354003 0.718133 0.0359066
32 777 0.020592 0.01 0.0296519 0.514801 0.02574
32 545 0.0550459 0.02 0.058617 0.733945 0.0366972
32 554 0.113718 0.03 0.0855673 0.722022 0.0361011
32 539 0.153989 0.04 0.112579 0.742115 0.0371058
32 540 0.225926 0.05 0.138373 0.740741 0.037037
32 527 0.242884 0.06 0.163949 0.759013 0.0379507
32 539 0.333952 0.07 0.188161 0.742115 0.0371058
32 520 0.357692 0.08 0.211882 0.769231 0.0384615
32 524 0.412214 0.09 0.233407 0.763359 0.0381679
32 513 0.432749 0.1 0.255467 0.779727 0.0389864
32 515 0.460194 0.11 0.277176 0.776699 0.038835
32 545 0.475229 0.12 0.29764 0.733945 0.0366972
32 539 0.521336 0.13 0.317375 0.742115 0.0371058
32 547 0.521024 0.14 0.335205 0.731261 0.0365631
32 536 0.541045 0.15 0.354264 0.746269 0.0373134
