4 2000 0.001 0.002 0.0117813 0.041 0.00452769
4 2000 0.001 0.004 0.0229375 0.0655 0.00572276
4 2000 0.003 0.008 0.0472812 0.1505 0.00867468
4 1765 0.00226629 0.012 0.0652266 0.226629 0.0113314
4 1238 0.00242326 0.016 0.0893578 0.323102 0.0161551
4 1034 0.00483559 0.02 0.108438 0.386847 0.0193424
4 764 0.0039267 0.03 0.151423 0.52356 0.026178
4 690 0.0057971 0.04 0.196286 0.57971 0.0289855
4 593 0.00337268 0.05 0.235772 0.674536 0.0337268
4 561 0.00534759 0.06 0.267268 0.713012 0.0356506
4 560 0.00357143 0.07 0.291183 0.714286 0.0357143
4 537 0.00558659 0.08 0.325535 0.744879 0.0372439
4 538 0.00371747 0.09 0.350372 0.743494 0.0371747
4 513 0.00389864 0.1 0.365984 0.779727 0.0389864
8 2000 0.0025 0.002 0.0119609 0.0015 0.000866025
8 2000 0.0035 0.004 0.0237969 0.011 0.00234521
8 2000 0.0045 0.008 0.0454844 0.076 0.00616441
8 2000 0.0045 0.012 0.0676719 0.175 0.00935414
8 1265 0.0055336 0.016 0.0898221 0.316206 0.0158103
8 978 0.00511247 0.02 0.108065 0.408998 0.0204499
8 643 0.00777605 0.03 0.154087 0.622084 0.0311042
8 580 0.00862069 0.04 0.196471 0.689655 0.0344828
8 535 0.00747664 0.05 0.235806 0.747664 0.0373832
8 542 0.00922509 0.06 0.269892 0.738007 0.0369004
8 533 0.00938086 0.07 0.298106 0.750469 0.0375235
8 545 0.0110092 0.08 0.32414 0.733945 0.0366972
8 521 0.00959693 0.09 0.349688 0.767754 0.0383877
8 511 0.00978474 0.1 0.370566 0.782779 0.0391389
16 2000 0.005 0.002 0.011791 0 0
16 2000 0.0065 0.004 0.0236504 0.0005 0.0005
16 2000 0.0095 0.008 0.046207 0.021 0.00324037
16 2000 0.0105 0.012 0.0679336 0.1315 0.00810864
16 1286 0.0132193 0.016 0.0882734 0.311042 0.0155521
16 839 0.0143027 0.02 0.10863 0.476758 0.0238379
16 535 0.0186916 0.03 0.15268 0.747664 0.0373832
16 523 0.0267686 0.04 0.197262 0.764818 0.0382409
16 512 0.03125 0.05 0.234383 0.78125 0.0390625
16 527 0.0341556 0.06 0.268531 0.759013 0.0379507
16 539 0.038961 0.07 0.299158 0.742115 0.0371058
16 522 0.0421456 0.08 0.323209 0.766284 0.0383142
16 519 0.044316 0.09 0.348627 0.770713 0.0385356
16 517 0.0444874 0.1 0.367996 0.773694 0.0386847
32 2000 0.013 0.002 0.0119707 0 0
32 2000 0.0165 0.004 0.023519 0 0
32 2000 0.033 0.008 0.0461128 0.005 0.00158114
32 2000 0.056 0.012 0.0677725 0.066 0.00574456
32 1196 0.0827759 0.016 0.0883544 0.334448 0.0167224
32 611 0.11784 0.02 0.109397 0.654664 0.0327332
32 529 0.20794 0.03 0.155201 0.756144 0.0378072
32 553 0.316456 0.04 0.196759 0.723327 0.0361664
32 518 0.361004 0.05 0.233525 0.772201 0.03861
32 514 0.544747 0.06 0.267814 0.77821 0.0389105
32 519 0.56262 0.07 0.298324 0.770713 0.0385356
32 530 0.503774 0.08 0.324204 0.754717 0.0377358
32 528 0.537879 0.09 0.347899 0.757576 0.0378788
32 526 0.558935 0.1 0.369363 0.760456 0.0380228
