4 2000 0.002 0.002 0.012125 0.0335 0.00409268
4 2000 0.0035 0.004 0.0232812 0.0665 0.00576628
4 2000 0.007 0.008 0.045125 0.147 0.00857321
4 1684 0.00950119 0.012 0.0684011 0.23753 0.0118765
4 1325 0.0128302 0.016 0.0899528 0.301887 0.0150943
4 1181 0.0143946 0.02 0.110288 0.338696 0.0169348
4 864 0.0115741 0.03 0.152416 0.462963 0.0231481
4 677 0.00886263 0.04 0.199409 0.590842 0.0295421
4 623 0.0144462 0.05 0.242175 0.642055 0.0321027
4 573 0.0104712 0.06 0.272579 0.69808 0.034904
4 594 0.013468 0.07 0.289983 0.673401 0.03367
4 513 0.0116959 0.08 0.314815 0.779727 0.0389864
4 536 0.0130597 0.09 0.349813 0.746269 0.0373134
4 531 0.0112994 0.1 0.37194 0.753296 0.0376648
8 2000 0.0065 0.002 0.0118203 0 0
8 2000 0.009 0.004 0.0238438 0.0045 0.0015
8 2000 0.0105 0.008 0.0466797 0.034 0.00412311
8 2000 0.012 0.012 0.0683594 0.095 0.00689202
8 2000 0.0135 0.016 0.0887656 0.187 0.00966954
8 1438 0.0139082 0.02 0.10793 0.278164 0.0139082
8 764 0.0196335 0.03 0.157763 0.52356 0.026178
8 622 0.0176849 0.04 0.196895 0.643087 0.0321543
8 568 0.0193662 0.05 0.2341 0.704225 0.0352113
8 552 0.0163043 0.06 0.265738 0.724638 0.0362319
8 538 0.0204461 0.07 0.299924 0.743494 0.0371747
8 534 0.0205993 0.08 0.322214 0.749064 0.0374532
8 538 0.0204461 0.09 0.34648 0.743494 0.0371747
8 557 0.021544 0.1 0.366697 0.718133 0.0359066
16 2000 0.0135 0.002 0.0118418 0 0
16 2000 0.016 0.004 0.0234941 0 0
16 2000 0.018 0.008 0.0465352 0.005 0.00158114
16 2000 0.022 0.012 0.0675723 0.0345 0.00415331
16 2000 0.026 0.016 0.0887363 0.11 0.0074162
16 1570 0.0312102 0.02 0.108126 0.254777 0.0127389
16 716 0.0460894 0.03 0.154362 0.558659 0.027933
16 557 0.0610413 0.04 0.19743 0.718133 0.0359066
16 563 0.0692718 0.05 0.232654 0.71048 0.035524
16 542 0.0811808 0.06 0.269358 0.738007 0.0369004
16 563 0.0941385 0.07 0.29888 0.71048 0.035524
16 550 0.0945455 0.08 0.325874 0.727273 0.0363636
16 532 0.101504 0.09 0.347583 0.75188 0.037594
16 519 0.1079 0.1 0.369852 0.770713 0.0385356
32 2000 0.0275 0.002 0.0120005 0 0
32 2000 0.0375 0.004 0.0234854 0 0
32 2000 0.077 0.008 0.0462847 0 0
32 2000 0.157 0.012 0.0679375 0.0055 0.00165831
32 2000 0.3495 0.016 0.0883315 0.061 0.00552268
32 1548 0.485788 0.02 0.108557 0.258398 0.0129199
32 558 57.6237 0.03 0.15542 0.716846 0.0358423
32 528 0.274621 0.04 0.197571 0.757576 0.0378788
32 558 0.27957 0.05 0.232821 0.716846 0.0358423
32 534 0.350187 0.06 0.267419 0.749064 0.0374532
32 511 0.414873 0.07 0.297106 0.782779 0.0391389
32 548 0.425182 0.08 0.324329 0.729927 0.0364964
32 540 0.464815 0.09 0.348114 0.740741 0.037037
32 518 0.498069 0.1 0.36954 0.772201 0.03861
