8 0.006 0.019725 0.0002 0.000141421
8 0.008 0.039932 0.0076 0.00087178
8 0.0105 0.0600547 0.039 0.00197484
8 0.0111 0.0700602 0.0771 0.00277669
8 0.0117 0.0803664 0.1286 0.00358608
8 0.0125 0.0899516 0.1873 0.00432782
8 0.011212 0.100139 0.266951 0.00533903
8 0.00923605 0.109733 0.329859 0.00659718
8 0.00884387 0.120197 0.401994 0.00803988
8 0.0104556 0.130006 0.466766 0.00933532
8 0.00995974 0.140509 0.529773 0.0105955
8 0.00959923 0.14999 0.599952 0.011999
8 0.010411 0.178973 0.684932 0.0136986
8 0.0113471 0.200027 0.727379 0.0145476
