4 0.0005 0.01 0.0201563 0.051 0.00504975
4 0.0015 0.02 0.0389688 0.12 0.00774597
4 0.002 0.03 0.0593125 0.1915 0.00978519
4 0.00235571 0.04 0.0749779 0.235571 0.0117786
4 0.00239044 0.05 0.0943227 0.318725 0.0159363
4 0.00264784 0.06 0.108286 0.353045 0.0176523
4 0.00206612 0.07 0.127841 0.413223 0.0206612
4 0.00323625 0.08 0.141383 0.431499 0.021575
4 0.00376412 0.09 0.156681 0.501882 0.0250941
4 0.00262812 0.1 0.172963 0.525624 0.0262812
4 0.00284091 0.11 0.19114 0.568182 0.0284091
4 0.00309598 0.12 0.201142 0.619195 0.0309598
4 0.00301659 0.13 0.216252 0.603318 0.0301659
4 0.00496689 0.14 0.229201 0.662252 0.0331126
4 0.00337268 0.15 0.239987 0.674536 0.0337268
6 0.0015 0.01 0.0186111 0.0085 0.00206155
6 0.002 0.02 0.0397778 0.04 0.00447214
6 0.003 0.03 0.0575833 0.106 0.00728011
6 0.003 0.04 0.0754028 0.167 0.00913783
6 0.00299222 0.05 0.0934238 0.239378 0.0119689
6 0.00402576 0.06 0.112923 0.322061 0.0161031
6 0.0027881 0.07 0.124819 0.371747 0.0185874
6 0.00440529 0.08 0.14516 0.440529 0.0220264
6 0.00367197 0.09 0.156229 0.489596 0.0244798
6 0.00438596 0.1 0.176657 0.584795 0.0292398
6 0.0044843 0.11 0.190168 0.597907 0.0298954
6 0.00323625 0.12 0.203659 0.647249 0.0323625
6 0.00488599 0.13 0.211862 0.651466 0.0325733
6 0.00515464 0.14 0.23005 0.687285 0.0343643
6 0.00533808 0.15 0.246244 0.711744 0.0355872
8 0.002 0.01 0.0197422 0.0025 0.00111803
8 0.003 0.02 0.0390078 0.0235 0.00342783
8 0.0035 0.03 0.0578125 0.06 0.00547723
8 0.004 0.04 0.0760625 0.124 0.00787401
8 0.0045 0.05 0.0944141 0.1985 0.00996243
8 0.00425834 0.06 0.111227 0.283889 0.0141945
8 0.00478011 0.07 0.128137 0.382409 0.0191205
8 0.00588235 0.08 0.142996 0.470588 0.0235294
8 0.0052356 0.09 0.157866 0.52356 0.026178
8 0.00596125 0.1 0.175577 0.596125 0.0298063
8 0.00761035 0.11 0.188499 0.608828 0.0304414
8 0.00620155 0.12 0.204046 0.620155 0.0310078
8 0.00611621 0.13 0.216265 0.611621 0.030581
8 0.00688468 0.14 0.230744 0.688468 0.0344234
8 0.00859107 0.15 0.248255 0.687285 0.0343643
10 0.0025 0.01 0.020225 0.0005 0.0005
10 0.0035 0.02 0.039005 0.0115 0.00239792
10 0.004 0.03 0.05675 0.0405 0.0045
10 0.005 0.04 0.07539 0.1045 0.00722842
10 0.0055 0.05 0.09238 0.19 0.00974679
10 0.00619835 0.06 0.111012 0.275482 0.0137741
10 0.00666667 0.07 0.129067 0.380952 0.0190476
10 0.00697674 0.08 0.145151 0.465116 0.0232558
10 0.00820793 0.09 0.158263 0.547196 0.0273598
10 0.00733138 0.1 0.17371 0.58651 0.0293255
10 0.00803859 0.11 0.188055 0.643087 0.0321543
10 0.00821018 0.12 0.204565 0.656814 0.0328407
10 0.00886525 0.13 0.218901 0.70922 0.035461
10 0.00897666 0.14 0.229856 0.718133 0.0359066
10 0.00716846 0.15 0.243459 0.716846 0.0358423
12 0.0035 0.01 0.0192708 0 0
12 0.0045 0.02 0.0391076 0.0045 0.0015
12 0.005 0.03 0.0577778 0.037 0.00430116
12 0.006 0.04 0.0755799 0.078 0.006245
12 0.007 0.05 0.0937257 0.1805 0.0095
12 0.00817996 0.06 0.110898 0.272665 0.0136333
12 0.00825688 0.07 0.127771 0.366972 0.0183486
12 0.00818713 0.08 0.143129 0.467836 0.0233918
12 0.00921659 0.09 0.159541 0.614439 0.030722
12 0.00928793 0.1 0.176481 0.619195 0.0309598
12 0.00969305 0.11 0.188813 0.646204 0.0323102
12 0.0106383 0.12 0.204873 0.70922 0.035461
12 0.0106952 0.13 0.219647 0.713012 0.0356506
12 0.0105079 0.14 0.232548 0.700525 0.0350263
12 0.01341 0.15 0.246022 0.766284 0.0383142
16 0.004 0.01 0.0195566 0 0
16 0.006 0.02 0.0385508 0.003 0.00122474
16 0.008 0.03 0.0576504 0.014 0.00264575
16 0.0085 0.04 0.075957 0.0625 0.00559017
16 0.012 0.05 0.0936875 0.1405 0.00838153
16 0.0138797 0.06 0.110668 0.264375 0.0132188
16 0.0147992 0.07 0.128006 0.422833 0.0211416
16 0.0157687 0.08 0.143674 0.525624 0.0262812
16 0.0180451 0.09 0.159234 0.601504 0.0300752
16 0.0207337 0.1 0.175034 0.637959 0.0318979
16 0.0230906 0.11 0.190678 0.71048 0.035524
16 0.025641 0.12 0.203211 0.732601 0.03663
16 0.0260223 0.13 0.217661 0.743494 0.0371747
16 0.0281426 0.14 0.232931 0.750469 0.0375235
16 0.0291971 0.15 0.244611 0.729927 0.0364964
