16 0.013 0.0239336 0 0
16 0.013 0.0477227 0.001 0.001
16 0.017 0.0717578 0.045 0.0067082
16 0.02 0.0951777 0.202 0.0142127
16 0.0248869 0.117941 0.452489 0.0226244
16 0.0273598 0.129906 0.547196 0.0273598
16 0.029549 0.140294 0.622084 0.0311042
16 0.0324786 0.150855 0.683761 0.034188
16 0.0336449 0.163405 0.747664 0.0373832
16 0.0351201 0.175269 0.739372 0.0369686
16 0.0374532 0.186421 0.749064 0.0374532
16 0.0426357 0.209749 0.775194 0.0387597
16 0.0421456 0.230989 0.766284 0.0383142
16 0.0503731 0.339993 0.746269 0.0373134
