8 0.006 0.0238828 0.002 0.00141421
8 0.007 0.0470547 0.028 0.0052915
8 0.008 0.0718125 0.096 0.00979796
8 0.009 0.0806484 0.142 0.0119164
8 0.01 0.0928984 0.196 0.014
8 0.01 0.104875 0.289 0.017
8 0.01 0.119109 0.373 0.0193132
8 0.00933489 0.130707 0.466744 0.0233372
8 0.0108548 0.143275 0.542741 0.027137
8 0.0101302 0.149591 0.578871 0.0289436
8 0.011236 0.162357 0.642055 0.0321027
8 0.0116667 0.174635 0.666667 0.0333333
8 0.0106007 0.209737 0.706714 0.0353357
8 0.0127273 0.231151 0.727273 0.0363636
