4 2000 0.001 0.01 0.0195469 0.06 0.00547723
4 2000 0.0015 0.02 0.0402344 0.1245 0.00788987
4 2000 0.002 0.03 0.0555 0.1735 0.00931397
4 1635 0.00183486 0.04 0.0767584 0.244648 0.0122324
4 1291 0.00232378 0.05 0.09375 0.309837 0.0154919
4 1129 0.00265722 0.06 0.110884 0.354296 0.0177148
4 945 0.0031746 0.07 0.127745 0.42328 0.021164
4 858 0.002331 0.08 0.148237 0.4662 0.02331
4 776 0.00386598 0.09 0.158545 0.515464 0.0257732
4 729 0.00274348 0.1 0.176012 0.548697 0.0274348
4 694 0.00288184 0.11 0.194885 0.576369 0.0288184
4 682 0.00293255 0.12 0.212793 0.58651 0.0293255
4 645 0.00465116 0.13 0.21439 0.620155 0.0310078
4 606 0.00330033 0.14 0.233756 0.660066 0.0330033
4 605 0.00330579 0.15 0.245248 0.661157 0.0330579
8 2000 0.002 0.01 0.0197578 0.0015 0.000866025
8 2000 0.0035 0.02 0.0385313 0.015 0.00273861
8 2000 0.003 0.03 0.0578242 0.057 0.00533854
8 2000 0.004 0.04 0.0754023 0.103 0.00717635
8 2000 0.004 0.05 0.0952852 0.1865 0.0096566
8 1426 0.00420757 0.06 0.111879 0.280505 0.0140252
8 1111 0.00450045 0.07 0.128966 0.360036 0.0180018
8 982 0.00509165 0.08 0.142415 0.407332 0.0203666
8 784 0.00510204 0.09 0.161133 0.510204 0.0255102
8 723 0.0055325 0.1 0.178142 0.55325 0.0276625
8 670 0.00746269 0.11 0.190812 0.597015 0.0298507
8 614 0.00488599 0.12 0.205593 0.651466 0.0325733
8 599 0.0066778 0.13 0.216337 0.66778 0.033389
8 585 0.00683761 0.14 0.229314 0.683761 0.034188
8 554 0.00722022 0.15 0.245925 0.722022 0.0361011
16 2000 0.004 0.01 0.0197568 0 0
16 2000 0.0065 0.02 0.0391045 0.0035 0.00132288
16 2000 0.009 0.03 0.058501 0.015 0.00273861
16 2000 0.0095 0.04 0.0760293 0.0525 0.00512348
16 2000 0.011 0.05 0.0938223 0.126 0.00793725
16 1963 0.0127356 0.06 0.111118 0.20377 0.0101885
16 1247 0.0120289 0.07 0.128413 0.32077 0.0160385
16 856 0.0140187 0.08 0.145314 0.46729 0.0233645
16 736 0.0149457 0.09 0.160599 0.543478 0.0271739
16 616 0.0162338 0.1 0.175705 0.649351 0.0324675
16 603 0.0199005 0.11 0.190503 0.66335 0.0331675
16 565 0.0247788 0.12 0.204981 0.707965 0.0353982
16 537 0.0260708 0.13 0.218768 0.744879 0.0372439
16 537 0.0260708 0.14 0.233397 0.744879 0.0372439
16 528 0.030303 0.15 0.245887 0.757576 0.0378788
32 2000 0.011 0.01 0.0198875 0.005 0.00158114
32 2000 0.021 0.02 0.0389717 0.016 0.00282843
32 2000 0.032 0.03 0.0579539 0.0395 0.0044441
32 2000 0.0375 0.04 0.0763882 0.071 0.00595819
32 2000 0.0555 0.05 0.0943186 0.175 0.00935414
32 1543 0.0686973 0.06 0.111203 0.259235 0.0129618
32 1014 0.0877712 0.07 0.128511 0.394477 0.0197239
32 683 0.122987 0.08 0.144967 0.585652 0.0292826
32 605 0.17686 0.09 0.160407 0.661157 0.0330579
32 554 0.191336 0.1 0.175293 0.722022 0.0361011
32 553 0.198915 0.11 0.190492 0.723327 0.0361664
32 540 0.274074 0.12 0.204908 0.740741 0.037037
32 541 0.28281 0.13 0.219707 0.739372 0.0369686
32 529 0.327032 0.14 0.232395 0.756144 0.0378072
32 540 0.364815 0.15 0.246173 0.740741 0.037037
