4 2000 0.001 0.01 0.0204844 0.0595 0.00545436
4 2000 0.002 0.02 0.040875 0.1255 0.00792149
4 2000 0.0025 0.03 0.0610938 0.197 0.00992472
4 1548 0.00258398 0.04 0.0785287 0.258398 0.0129199
4 1268 0.00315457 0.05 0.0954998 0.315457 0.0157729
4 1096 0.00273723 0.06 0.114792 0.364964 0.0182482
4 899 0.00222469 0.07 0.131222 0.444939 0.0222469
4 817 0.00367197 0.08 0.149442 0.489596 0.0244798
4 763 0.00262123 0.09 0.166284 0.524246 0.0262123
4 727 0.00275103 0.1 0.185007 0.550206 0.0275103
4 655 0.00305344 0.11 0.196565 0.610687 0.0305344
4 650 0.00461538 0.12 0.214615 0.615385 0.0307692
4 614 0.00325733 0.13 0.22954 0.651466 0.0325733
4 601 0.00332779 0.14 0.244852 0.665557 0.0332779
4 597 0.00335008 0.15 0.259631 0.670017 0.0335008
8 2000 0.002 0.01 0.0200273 0.0075 0.00193649
8 2000 0.003 0.02 0.0401562 0.038 0.0043589
8 2000 0.0035 0.03 0.0604336 0.099 0.00703562
8 2000 0.004 0.04 0.0780938 0.1755 0.0093675
8 1434 0.00488145 0.05 0.0986478 0.27894 0.013947
8 1093 0.00457457 0.06 0.115029 0.365965 0.0182983
8 877 0.004561 0.07 0.131815 0.4561 0.022805
8 716 0.00558659 0.08 0.150696 0.558659 0.027933
8 663 0.00603318 0.09 0.164086 0.603318 0.0301659
8 633 0.00631912 0.1 0.18086 0.631912 0.0315956
8 575 0.00695652 0.11 0.198804 0.695652 0.0347826
8 563 0.0071048 0.12 0.215198 0.71048 0.035524
8 561 0.00713012 0.13 0.230239 0.713012 0.0356506
8 544 0.00919118 0.14 0.244385 0.735294 0.0367647
8 547 0.00731261 0.15 0.255599 0.731261 0.0365631
16 2000 0.0045 0.01 0.0208262 0.0175 0.00295804
16 2000 0.0065 0.02 0.0415303 0.0835 0.00646142
16 2000 0.009 0.03 0.0603418 0.167 0.00913783
16 1301 0.00999231 0.04 0.0806156 0.307456 0.0153728
16 925 0.0108108 0.05 0.0977513 0.432432 0.0216216
16 737 0.0122117 0.06 0.114781 0.542741 0.027137
16 643 0.0139969 0.07 0.134863 0.622084 0.0311042
16 543 0.0165746 0.08 0.15229 0.736648 0.0368324
16 562 0.0160142 0.09 0.164855 0.711744 0.0355872
16 542 0.0202952 0.1 0.183172 0.738007 0.0369004
16 538 0.0223048 0.11 0.1996 0.743494 0.0371747
16 537 0.027933 0.12 0.212567 0.744879 0.0372439
16 549 0.0236794 0.13 0.227317 0.728597 0.0364299
16 548 0.0273723 0.14 0.242063 0.729927 0.0364964
16 531 0.0263653 0.15 0.256029 0.753296 0.0376648
32 2000 0.012 0.01 0.0208477 0.114 0.00754983
32 1483 0.0215779 0.02 0.0407038 0.269724 0.0134862
32 934 0.0406852 0.03 0.0604308 0.428266 0.0214133
32 735 0.0585034 0.04 0.0793268 0.544218 0.0272109
32 637 0.0816327 0.05 0.0981499 0.627943 0.0313972
32 574 0.106272 0.06 0.116367 0.696864 0.0348432
32 543 0.13628 0.07 0.133589 0.736648 0.0368324
32 544 0.159926 0.08 0.150564 0.735294 0.0367647
32 540 0.198148 0.09 0.166717 0.740741 0.037037
32 530 0.224528 0.1 0.183506 0.754717 0.0377358
32 544 0.244485 0.11 0.197912 0.735294 0.0367647
32 533 0.27955 0.12 0.214197 0.750469 0.0375235
32 511 0.299413 0.13 0.227969 0.782779 0.0391389
32 539 0.326531 0.14 0.241935 0.742115 0.0371058
32 541 0.384473 0.15 0.255922 0.739372 0.0369686
