8 0.0048 0.0206227 0.0031 0.000556776
8 0.0057 0.0407031 0.028 0.00167332
8 0.0065 0.0607281 0.0939 0.00306431
8 0.0069 0.071057 0.1397 0.00373765
8 0.0068 0.0799992 0.1863 0.00431625
8 0.0071 0.0898438 0.2388 0.00488672
8 0.00732601 0.100127 0.295404 0.00590807
8 0.00772734 0.108573 0.34497 0.00689941
8 0.00797249 0.11784 0.390808 0.00781616
8 0.00814922 0.127931 0.452735 0.00905469
8 0.00894988 0.13711 0.497216 0.00994431
8 0.00890085 0.143714 0.517491 0.0103498
8 0.0105341 0.17158 0.612445 0.0122489
8 0.0107556 0.188408 0.672224 0.0134445
