4 0.002 0.0200469 0.016 0.00282843
4 0.003 0.0419375 0.049 0.00494975
4 0.004 0.0597344 0.106 0.00728011
4 0.0045 0.0711875 0.1595 0.00893029
4 0.003 0.0788438 0.1895 0.00973396
4 0.00309598 0.0925116 0.247678 0.0123839
4 0.00417537 0.101622 0.278358 0.0139179
4 0.00312744 0.108679 0.312744 0.0156372
4 0.0037594 0.120506 0.37594 0.018797
4 0.00406918 0.13228 0.406918 0.0203459
4 0.00312175 0.137942 0.416233 0.0208117
4 0.00240674 0.14809 0.481348 0.0240674
4 0.00430416 0.177591 0.573888 0.0286944
4 0.00310078 0.201453 0.620155 0.0310078
8 0.003 0.020125 0 0
8 0.0035 0.0401602 0.0055 0.00165831
8 0.0045 0.0598672 0.0395 0.0044441
8 0.0045 0.0704336 0.0835 0.00646142
8 0.0055 0.080043 0.1325 0.00813941
8 0.00564392 0.0904831 0.205233 0.0102617
8 0.00586319 0.09943 0.260586 0.0130293
8 0.00587741 0.109808 0.335852 0.0167926
8 0.007 0.120953 0.4 0.02
8 0.00692841 0.128284 0.461894 0.0230947
8 0.00678426 0.139936 0.542741 0.027137
8 0.00742942 0.150167 0.594354 0.0297177
8 0.00854701 0.180142 0.683761 0.034188
8 0.00711744 0.200136 0.711744 0.0355872
16 0.0065 0.0201133 0 0
16 0.0085 0.0399541 0 0
16 0.011 0.0600215 0.0095 0.00217945
16 0.012 0.069751 0.026 0.00360555
16 0.0135 0.0803115 0.0705 0.00593717
16 0.0155 0.0898506 0.1365 0.00826136
16 0.0175439 0.0995485 0.259909 0.0129955
16 0.0190871 0.109894 0.33195 0.0165975
16 0.0209059 0.119324 0.464576 0.0232288
16 0.0241821 0.129654 0.56899 0.0284495
16 0.0307443 0.138776 0.647249 0.0323625
16 0.026455 0.150025 0.705467 0.0352734
16 0.0303605 0.17988 0.759013 0.0379507
16 0.0377358 0.200453 0.754717 0.0377358
