4 2000 0.0015 0.01 0.0302812 0.074 0.00608276
4 2000 0.0015 0.02 0.0582344 0.16 0.00894427
4 1484 0.00202156 0.03 0.0869062 0.269542 0.0134771
4 1143 0.00262467 0.04 0.111986 0.349956 0.0174978
4 854 0.00234192 0.05 0.140259 0.468384 0.0234192
4 727 0.00275103 0.06 0.164288 0.550206 0.0275103
4 709 0.00282087 0.07 0.184635 0.564175 0.0282087
4 632 0.00316456 0.08 0.210938 0.632911 0.0316456
4 580 0.00172414 0.09 0.240248 0.689655 0.0344828
4 581 0.00344234 0.1 0.252851 0.688468 0.0344234
4 591 0.00169205 0.11 0.277231 0.676819 0.0338409
4 542 0.00369004 0.12 0.29872 0.738007 0.0369004
4 540 0.00185185 0.13 0.314352 0.740741 0.037037
4 506 0.00395257 0.14 0.337821 0.790514 0.0395257
4 561 0.00178253 0.15 0.356673 0.713012 0.0356506
8 2000 0.0025 0.01 0.0293516 0.0105 0.00229129
8 2000 0.003 0.02 0.0579961 0.0985 0.00701783
8 1532 0.00391645 0.03 0.0864169 0.261097 0.0130548
8 957 0.00417973 0.04 0.111857 0.417973 0.0208986
8 729 0.00411523 0.05 0.139853 0.548697 0.0274348
8 615 0.00650407 0.06 0.162106 0.650407 0.0325203
8 558 0.00537634 0.07 0.190006 0.716846 0.0358423
8 557 0.005386 0.08 0.210769 0.718133 0.0359066
8 547 0.00731261 0.09 0.233661 0.731261 0.0365631
8 535 0.00560748 0.1 0.254162 0.747664 0.0373832
8 559 0.00715564 0.11 0.275911 0.715564 0.0357782
8 540 0.00555556 0.12 0.29702 0.740741 0.037037
8 525 0.00761905 0.13 0.316875 0.761905 0.0380952
8 521 0.00575816 0.14 0.334018 0.767754 0.0383877
8 511 0.00782779 0.15 0.350034 0.782779 0.0391389
16 2000 0.005 0.01 0.0295107 0.0005 0.0005
16 2000 0.007 0.02 0.0577939 0.0385 0.00438748
16 1724 0.00928074 0.03 0.08595 0.232019 0.0116009
16 802 0.0112219 0.04 0.112122 0.498753 0.0249377
16 619 0.0129241 0.05 0.139284 0.646204 0.0323102
16 571 0.0175131 0.06 0.161887 0.700525 0.0350263
16 529 0.0170132 0.07 0.190302 0.756144 0.0378072
16 519 0.0211946 0.08 0.212702 0.770713 0.0385356
16 543 0.0239411 0.09 0.234742 0.736648 0.0368324
16 516 0.0251938 0.1 0.255825 0.775194 0.0387597
16 532 0.0244361 0.11 0.276294 0.75188 0.037594
16 520 0.0269231 0.12 0.295835 0.769231 0.0384615
16 508 0.0275591 0.13 0.316918 0.787402 0.0393701
16 527 0.0303605 0.14 0.335156 0.759013 0.0379507
16 556 0.028777 0.15 0.354833 0.719424 0.0359712
32 2000 0.0145 0.01 0.0295261 0 0
32 2000 0.0375 0.02 0.0577722 0.0085 0.00206155
32 2000 0.068 0.03 0.0857112 0.2 0.01
32 667 0.101949 0.04 0.112562 0.5997 0.029985
32 542 0.143911 0.05 0.138822 0.738007 0.0369004
32 529 0.175803 0.06 0.164607 0.756144 0.0378072
32 537 0.232775 0.07 0.188441 0.744879 0.0372439
32 564 0.260638 0.08 0.211292 0.70922 0.035461
32 547 0.294333 0.09 0.233669 0.731261 0.0365631
32 534 0.327715 0.1 0.256146 0.749064 0.0374532
32 541 0.330869 0.11 0.276962 0.739372 0.0369686
32 523 0.355641 0.12 0.297997 0.764818 0.0382409
32 512 0.357422 0.13 0.316753 0.78125 0.0390625
32 544 0.424632 0.14 0.336346 0.735294 0.0367647
32 531 0.516008 0.15 0.353912 0.753296 0.0376648
