4 2000 0.0005 0.002 0.0118438 0.036 0.00424264
4 2000 0.0005 0.004 0.0236875 0.068 0.00583095
4 2000 0.0015 0.008 0.046 0.135 0.00821584
4 1900 0.00157895 0.012 0.0688158 0.210526 0.0105263
4 1429 0.00209937 0.016 0.0886547 0.279916 0.0139958
4 1135 0.00176211 0.02 0.107434 0.352423 0.0176211
4 779 0.00256739 0.03 0.154685 0.513479 0.0256739
4 681 0.00293686 0.04 0.200899 0.587372 0.0293686
4 626 0.00319489 0.05 0.234325 0.638978 0.0319489
4 597 0.00167504 0.06 0.270729 0.670017 0.0335008
4 558 0.00358423 0.07 0.297491 0.716846 0.0358423
4 537 0.0018622 0.08 0.316224 0.744879 0.0372439
4 512 0.00390625 0.09 0.342163 0.78125 0.0390625
4 538 0.00185874 0.1 0.372444 0.743494 0.0371747
8 2000 0.0015 0.002 0.0118672 0.001 0.000707107
8 2000 0.0025 0.004 0.0235938 0.0065 0.00180278
8 2000 0.0025 0.008 0.0457734 0.0325 0.00403113
8 2000 0.0035 0.012 0.0680313 0.0825 0.00642262
8 2000 0.0035 0.016 0.0878437 0.15 0.00866025
8 1611 0.00372439 0.02 0.109559 0.248293 0.0124146
8 908 0.00440529 0.03 0.154237 0.440529 0.0220264
8 596 0.00503356 0.04 0.195522 0.671141 0.033557
8 542 0.00553506 0.05 0.237431 0.738007 0.0369004
8 572 0.00699301 0.06 0.264997 0.699301 0.034965
8 539 0.00556586 0.07 0.294005 0.742115 0.0371058
8 526 0.00760456 0.08 0.326283 0.760456 0.0380228
8 538 0.00557621 0.09 0.344534 0.743494 0.0371747
8 493 0.00811359 0.1 0.367932 0.811359 0.040568
16 2000 0.003 0.002 0.011959 0 0
16 2000 0.004 0.004 0.0233086 0 0
16 2000 0.0065 0.008 0.0462383 0.001 0.000707107
16 2000 0.0075 0.012 0.0680547 0.013 0.00254951
16 2000 0.0085 0.016 0.088416 0.0455 0.0047697
16 2000 0.0095 0.02 0.108602 0.1285 0.00801561
16 801 0.0137328 0.03 0.155436 0.499376 0.0249688
16 571 0.0157618 0.04 0.197098 0.700525 0.0350263
16 544 0.0202206 0.05 0.23538 0.735294 0.0367647
16 508 0.023622 0.06 0.266555 0.787402 0.0393701
16 533 0.0243902 0.07 0.29719 0.750469 0.0375235
16 550 0.0272727 0.08 0.325909 0.727273 0.0363636
16 544 0.0275735 0.09 0.348525 0.735294 0.0367647
16 537 0.0297952 0.1 0.368315 0.744879 0.0372439
32 2000 0.0085 0.002 0.0118906 0 0
32 2000 0.0115 0.004 0.0235962 0 0
32 2000 0.021 0.008 0.0463149 0 0
32 2000 0.0345 0.012 0.0679814 0.0015 0.000866025
32 2000 0.049 0.016 0.0886079 0.003 0.00122474
32 2000 0.0665 0.02 0.10868 0.0485 0.00492443
32 808 0.123762 0.03 0.154777 0.49505 0.0247525
32 540 0.17963 0.04 0.197408 0.740741 0.037037
32 544 0.222426 0.05 0.234668 0.735294 0.0367647
32 528 0.267045 0.06 0.267837 0.757576 0.0378788
32 537 0.307263 0.07 0.297792 0.744879 0.0372439
32 536 0.335821 0.08 0.324459 0.746269 0.0373134
32 546 0.355311 0.09 0.347273 0.732601 0.03663
32 512 0.369141 0.1 0.368042 0.78125 0.0390625
