16 0.006 0.0204043 0 0
16 0.009 0.040791 0.002 0.00141421
16 0.011 0.0603027 0.04 0.00632456
16 0.012 0.0806426 0.145 0.0120416
16 0.015 0.099582 0.326 0.0180555
16 0.0150862 0.1098 0.431034 0.0215517
16 0.0176991 0.118218 0.442478 0.0221239
16 0.017744 0.126824 0.506971 0.0253485
16 0.0180995 0.135646 0.603318 0.0301659
16 0.02 0.144817 0.615385 0.0307692
16 0.020979 0.154061 0.699301 0.034965
16 0.0239316 0.170797 0.683761 0.034188
16 0.026616 0.186063 0.760456 0.0380228
16 0.0368932 0.266653 0.776699 0.038835
