4 0.001 0.0197188 0.063 0.00561249
4 0.001 0.0394687 0.121 0.00777817
4 0.00153139 0.0600115 0.204186 0.0102093
4 0.00180832 0.0693942 0.241109 0.0120555
4 0.00139958 0.0754461 0.279916 0.0139958
4 0.00159617 0.0865423 0.319234 0.0159617
4 0.00239234 0.0946471 0.318979 0.015949
4 0.00173611 0.101617 0.347222 0.0173611
4 0.00209205 0.114278 0.41841 0.0209205
4 0.00211416 0.119979 0.422833 0.0211416
4 0.00226757 0.129677 0.453515 0.0226757
4 0.00223214 0.138951 0.446429 0.0223214
4 0.00260756 0.156698 0.521512 0.0260756
4 0.0015083 0.176753 0.603318 0.0301659
8 0.002 0.0200547 0.0045 0.0015
8 0.002 0.0388516 0.043 0.00463681
8 0.003 0.0568906 0.1335 0.00817007
8 0.0025 0.0665547 0.1735 0.00931397
8 0.00260281 0.0753514 0.208225 0.0104112
8 0.00346021 0.0834775 0.276817 0.0138408
8 0.00324675 0.0925452 0.324675 0.0162338
8 0.00280636 0.0992458 0.374181 0.0187091
8 0.0042061 0.109704 0.42061 0.0210305
8 0.00348837 0.118332 0.465116 0.0232558
8 0.00363636 0.124716 0.484848 0.0242424
8 0.00426136 0.132946 0.568182 0.0284091
8 0.00326797 0.160412 0.653595 0.0326797
8 0.00510204 0.172832 0.680272 0.0340136
16 0.0035 0.0195996 0 0
16 0.0045 0.0389453 0.0085 0.00206155
16 0.0065 0.0578594 0.068 0.00583095
16 0.0065 0.0665781 0.1195 0.00772981
16 0.0075 0.0757734 0.19 0.00974679
16 0.00769769 0.0847019 0.279916 0.0139958
16 0.00800712 0.0941358 0.355872 0.0177936
16 0.00857449 0.101902 0.428725 0.0214362
16 0.00876095 0.109453 0.500626 0.0250313
16 0.00872093 0.118153 0.581395 0.0290698
16 0.00953895 0.125509 0.63593 0.0317965
16 0.0111643 0.136357 0.637959 0.0318979
16 0.0124555 0.157209 0.711744 0.0355872
16 0.0143113 0.171791 0.715564 0.0357782
