4 2000 0.001 0.01 0.0192344 0.0535 0.00517204
4 2000 0.0015 0.02 0.0388906 0.1245 0.00788987
4 2000 0.002 0.03 0.0581562 0.1905 0.00975961
4 1484 0.00269542 0.04 0.0747136 0.269542 0.0134771
4 1219 0.00164069 0.05 0.0960829 0.328138 0.0164069
4 983 0.00406918 0.06 0.113015 0.406918 0.0203459
4 920 0.00217391 0.07 0.12748 0.434783 0.0217391
4 838 0.00238663 0.08 0.144876 0.477327 0.0238663
4 704 0.00284091 0.09 0.159313 0.568182 0.0284091
4 725 0.00275862 0.1 0.173836 0.551724 0.0275862
4 656 0.00304878 0.11 0.19255 0.609756 0.0304878
4 630 0.0031746 0.12 0.207639 0.634921 0.031746
4 588 0.00510204 0.13 0.221779 0.680272 0.0340136
4 591 0.00338409 0.14 0.228109 0.676819 0.0338409
4 573 0.0034904 0.15 0.247437 0.69808 0.034904
8 2000 0.002 0.01 0.0195195 0.01 0.00223607
8 2000 0.003 0.02 0.0383789 0.051 0.00504975
8 2000 0.003 0.03 0.0584453 0.117 0.00764853
8 1766 0.00396376 0.04 0.0768155 0.226501 0.011325
8 1207 0.0041425 0.05 0.0936141 0.3314 0.01657
8 874 0.00457666 0.06 0.111663 0.457666 0.0228833
8 754 0.00397878 0.07 0.124907 0.530504 0.0265252
8 694 0.00576369 0.08 0.143631 0.576369 0.0288184
8 628 0.00477707 0.09 0.159534 0.636943 0.0318471
8 593 0.00674536 0.1 0.175696 0.674536 0.0337268
8 553 0.00542495 0.11 0.189224 0.723327 0.0361664
8 553 0.00723327 0.12 0.205131 0.723327 0.0361664
8 545 0.00550459 0.13 0.217947 0.733945 0.0366972
8 519 0.00770713 0.14 0.233156 0.770713 0.0385356
8 536 0.00559701 0.15 0.246371 0.746269 0.0373134
16 2000 0.004 0.01 0.0198125 0.0005 0.0005
16 2000 0.0065 0.02 0.0390791 0.0115 0.00239792
16 2000 0.0075 0.03 0.0580264 0.057 0.00533854
16 2000 0.0085 0.04 0.075708 0.1975 0.0099373
16 1122 0.00980392 0.05 0.0931964 0.356506 0.0178253
16 757 0.01321 0.06 0.112383 0.528402 0.0264201
16 650 0.0153846 0.07 0.127067 0.615385 0.0307692
16 590 0.0169492 0.08 0.14225 0.677966 0.0338983
16 571 0.0175131 0.09 0.160755 0.700525 0.0350263
16 543 0.0202578 0.1 0.177162 0.736648 0.0368324
16 548 0.0218978 0.11 0.190209 0.729927 0.0364964
16 545 0.0238532 0.12 0.205501 0.733945 0.0366972
16 538 0.0260223 0.13 0.218383 0.743494 0.0371747
16 538 0.0297398 0.14 0.232698 0.743494 0.0371747
16 557 0.02693 0.15 0.246245 0.718133 0.0359066
32 2000 0.011 0.01 0.0197668 0 0
32 2000 0.0215 0.02 0.0392288 0.001 0.000707107
32 2000 0.0355 0.03 0.0579707 0.018 0.003
32 2000 0.054 0.04 0.0762454 0.1635 0.00904157
32 975 0.0748718 0.05 0.0936233 0.410256 0.0205128
32 599 0.101836 0.06 0.111518 0.66778 0.033389
32 562 0.126335 0.07 0.128301 0.711744 0.0355872
32 546 0.152015 0.08 0.144187 0.732601 0.03663
32 538 0.178439 0.09 0.16019 0.743494 0.0371747
32 518 0.187259 0.1 0.175032 0.772201 0.03861
32 546 0.155678 0.11 0.191163 0.732601 0.03663
32 525 0.19619 0.12 0.205482 0.761905 0.0380952
32 539 0.19666 0.13 0.219548 0.742115 0.0371058
32 512 0.214844 0.14 0.232606 0.78125 0.0390625
32 538 0.260223 0.15 0.245879 0.743494 0.0371747
