8 0.0035 0.0101953 0 0
8 0.006 0.0209531 0 0
8 0.007 0.0313333 0.001 0.000707107
8 0.0075 0.0413854 0.006 0.00173205
8 0.008 0.0512474 0.0105 0.00229129
8 0.0085 0.0612422 0.0285 0.00377492
8 0.009 0.0707969 0.052 0.00509902
8 0.009 0.0801641 0.0885 0.00665207
8 0.01 0.0901875 0.1155 0.00759934
8 0.0105 0.0990807 0.163 0.00902774
8 0.0106862 0.109132 0.224972 0.0112486
8 0.011181 0.117117 0.279525 0.0139762
8 0.0107172 0.125597 0.329761 0.016488
8 0.0116156 0.135307 0.422386 0.0211193
8 0.0126002 0.147038 0.45819 0.0229095
8 0.0117801 0.155582 0.52356 0.026178
8 0.0132626 0.163178 0.530504 0.0265252
8 0.0121581 0.170672 0.607903 0.0303951
8 0.0120664 0.181027 0.603318 0.0301659
8 0.0133556 0.188213 0.66778 0.033389
8 0.0131363 0.197309 0.656814 0.0328407
8 0.0144404 0.208418 0.722022 0.0361011
8 0.0121951 0.208832 0.696864 0.0348432
8 0.0142096 0.21961 0.71048 0.035524
8 0.0129151 0.229907 0.738007 0.0369004
