8 0.002 0.00969531 0.0005 0.0005
8 0.003 0.0197786 0.006 0.00173205
8 0.003 0.0299219 0.025 0.00353553
8 0.004 0.0398151 0.08 0.00632456
8 0.004 0.0503698 0.143 0.00845577
8 0.00504767 0.0598535 0.224341 0.011217
8 0.0059727 0.0692193 0.341297 0.0170648
8 0.00692042 0.0788279 0.461361 0.0230681
8 0.00738007 0.0872988 0.492005 0.0246002
8 0.00715308 0.0971254 0.572246 0.0286123
8 0.00784929 0.107151 0.627943 0.0313972
8 0.00853242 0.117703 0.682594 0.0341297
8 0.00862069 0.127173 0.689655 0.0344828
8 0.00883392 0.134469 0.706714 0.0353357
8 0.00919118 0.148763 0.735294 0.0367647
