4 0.001 0.01 0.0188958 0.0765 0.00618466
4 0.002 0.02 0.0384583 0.1955 0.00988686
4 0.00210822 0.03 0.0566292 0.281096 0.0140548
4 0.00280899 0.04 0.0735409 0.374532 0.0187266
4 0.00361882 0.05 0.0912244 0.482509 0.0241255
4 0.00263505 0.06 0.109354 0.527009 0.0263505
4 0.00304878 0.07 0.132368 0.609756 0.0304878
4 0.00319489 0.08 0.140375 0.638978 0.0319489
4 0.00470219 0.09 0.156152 0.626959 0.031348
4 0.00340136 0.1 0.174816 0.680272 0.0340136
8 0.003 0.01 0.0202083 0.0375 0.00433013
8 0.003 0.02 0.0387813 0.183 0.00956556
8 0.0043554 0.03 0.0570467 0.348432 0.0174216
8 0.00471143 0.04 0.0763398 0.471143 0.0235571
8 0.00587372 0.05 0.0928475 0.587372 0.0293686
8 0.00645161 0.06 0.110568 0.645161 0.0322581
8 0.00689655 0.07 0.127065 0.689655 0.0344828
8 0.00547445 0.08 0.142431 0.729927 0.0364964
8 0.00715564 0.09 0.157648 0.715564 0.0357782
8 0.00759013 0.1 0.17481 0.759013 0.0379507
16 0.0055 0.01 0.0196758 0.0025 0.00111803
16 0.008 0.02 0.0387513 0.126 0.00793725
16 0.0102996 0.03 0.05696 0.374532 0.0187266
16 0.0117647 0.04 0.0763748 0.588235 0.0294118
16 0.0153584 0.05 0.0933056 0.682594 0.0341297
16 0.0159858 0.06 0.109292 0.71048 0.035524
16 0.0194553 0.07 0.127153 0.77821 0.0389105
16 0.0211132 0.08 0.142379 0.767754 0.0383877
16 0.0235081 0.09 0.157823 0.723327 0.0361664
16 0.0268199 0.1 0.17389 0.766284 0.0383142
