4 0.002 0.0207292 0.0055 0.00165831
4 0.003 0.0423437 0.0355 0.00421307
4 0.004 0.0611042 0.0845 0.0065
4 0.004 0.0785625 0.148 0.00860233
4 0.00453401 0.0995802 0.201511 0.0100756
4 0.00416089 0.118311 0.277393 0.0138696
4 0.00459982 0.135445 0.367985 0.0183993
4 0.00508647 0.152658 0.406918 0.0203459
4 0.00486618 0.170874 0.486618 0.0243309
4 0.00524246 0.18578 0.524246 0.0262123
4 0.00564175 0.20563 0.564175 0.0282087
4 0.0045045 0.226289 0.600601 0.03003
4 0.00471698 0.234178 0.628931 0.0314465
4 0.00505051 0.251228 0.673401 0.03367
4 0.0052356 0.264798 0.69808 0.034904
8 0.0045 0.0211068 0 0
8 0.005 0.0418073 0.0045 0.0015
8 0.006 0.0609063 0.0315 0.00396863
8 0.006 0.0809844 0.082 0.00640312
8 0.007 0.100122 0.189 0.00972111
8 0.0076442 0.118282 0.277971 0.0138985
8 0.0077821 0.136288 0.389105 0.0194553
8 0.00969697 0.153535 0.484848 0.0242424
8 0.00995733 0.172808 0.56899 0.0284495
8 0.00941915 0.187206 0.627943 0.0313972
8 0.00877193 0.202951 0.701754 0.0350877
8 0.010274 0.218384 0.684932 0.0342466
8 0.0093633 0.23379 0.749064 0.0374532
8 0.0113208 0.251248 0.754717 0.0377358
8 0.00922509 0.263674 0.738007 0.0369004
16 0.0075 0.0208913 0 0
16 0.0105 0.0408945 0 0
16 0.015 0.0608118 0.002 0.001
16 0.015 0.0800501 0.031 0.003937
16 0.019 0.0997539 0.1205 0.00776209
16 0.0215877 0.117995 0.278552 0.0139276
16 0.0251716 0.136792 0.457666 0.0228833
16 0.0301205 0.153936 0.60241 0.0301205
16 0.0307692 0.171908 0.683761 0.034188
16 0.035524 0.186526 0.71048 0.035524
16 0.037037 0.20495 0.740741 0.037037
16 0.0383142 0.219675 0.766284 0.0383142
16 0.0466418 0.236389 0.746269 0.0373134
16 0.0448833 0.250718 0.718133 0.0359066
16 0.043956 0.265305 0.732601 0.03663
