8 0.004 0.00991927 0 0
8 0.006 0.0197552 0 0
8 0.006 0.0299297 0.003 0.00122474
8 0.006 0.0391641 0.0085 0.00206155
8 0.007 0.0483385 0.02 0.00316228
8 0.0075 0.0580781 0.0545 0.00522015
8 0.007 0.0674063 0.1015 0.0071239
8 0.007 0.0774792 0.16 0.00894427
8 0.00766703 0.0846711 0.219058 0.0109529
8 0.00789096 0.0949942 0.286944 0.0143472
8 0.0081448 0.104916 0.361991 0.0180995
8 0.00828157 0.114233 0.414079 0.0207039
8 0.00851582 0.122991 0.486618 0.0243309
8 0.00929615 0.132989 0.531208 0.0265604
8 0.00956284 0.138498 0.546448 0.0273224
8 0.00892857 0.149065 0.595238 0.0297619
8 0.00969305 0.158295 0.646204 0.0323102
8 0.00986842 0.168748 0.657895 0.0328947
8 0.0122164 0.174556 0.69808 0.034904
8 0.0109689 0.183663 0.731261 0.0365631
8 0.0121951 0.190286 0.696864 0.0348432
8 0.0109489 0.196776 0.729927 0.0364964
8 0.012939 0.207448 0.739372 0.0369686
8 0.011236 0.215151 0.749064 0.0374532
8 0.011194 0.2232 0.746269 0.0373134
