4 0 0.001 0.00208333 0.007 0.00187083
4 0.0005 0.003 0.00570833 0.018 0.003
4 0.001 0.006 0.0120417 0.0395 0.0044441
4 0.0015 0.009 0.0181042 0.0705 0.00593717
4 0.0015 0.01 0.0196458 0.0845 0.0065
4 0.002 0.02 0.0390208 0.185 0.00961769
4 0.00288392 0.03 0.0576484 0.288392 0.0144196
4 0.00428725 0.04 0.0780189 0.428725 0.0214362
4 0.00238095 0.05 0.0945437 0.47619 0.0238095
8 0.001 0.001 0.00192187 0.0025 0.00111803
8 0.0015 0.003 0.00585417 0.0155 0.00278388
8 0.003 0.006 0.0117604 0.0595 0.00545436
8 0.003 0.009 0.0180156 0.1195 0.00772981
8 0.003 0.01 0.0198073 0.1335 0.00817007
8 0.00475436 0.02 0.0380431 0.316957 0.0158479
8 0.00452489 0.03 0.057928 0.452489 0.0226244
8 0.00589971 0.04 0.0767883 0.589971 0.0294985
8 0.0048 0.05 0.09285 0.64 0.032
16 0.0025 0.001 0.00194401 0.0065 0.00180278
16 0.0045 0.003 0.00597005 0.093 0.00681909
16 0.0055 0.006 0.0118451 0.188 0.00969536
16 0.00499688 0.009 0.0179657 0.249844 0.0124922
16 0.00668449 0.01 0.0194529 0.26738 0.013369
16 0.00970874 0.02 0.038804 0.431499 0.021575
16 0.0132743 0.03 0.0578832 0.589971 0.0294985
16 0.0163636 0.04 0.0756487 0.727273 0.0363636
16 0.0234657 0.05 0.0928898 0.722022 0.0361011
