4 0.0015 0.0194792 0.0735 0.00606218
4 0.0015 0.0383958 0.165 0.00908295
4 0.00251099 0.0569941 0.251099 0.0125549
4 0.0027027 0.0783784 0.36036 0.018018
4 0.00210305 0.09398 0.42061 0.0210305
4 0.00253165 0.107595 0.506329 0.0253165
4 0.00289436 0.129522 0.578871 0.0289436
4 0.00151515 0.143434 0.606061 0.030303
4 0.00316957 0.16178 0.633914 0.0316957
4 0.00325733 0.17067 0.651466 0.0325733
4 0.00330579 0.18843 0.661157 0.0330579
4 0.0018018 0.201351 0.720721 0.036036
4 0.00172712 0.216393 0.690846 0.0345423
4 0.00372439 0.232852 0.744879 0.0372439
4 0.0018018 0.243093 0.720721 0.036036
8 0.0025 0.019974 0.0245 0.0035
8 0.0025 0.0393229 0.1285 0.00801561
8 0.00322789 0.0578128 0.258231 0.0129116
8 0.0043573 0.0765477 0.43573 0.0217865
8 0.004 0.0938056 0.533333 0.0266667
8 0.00458015 0.110305 0.610687 0.0305344
8 0.0049505 0.128335 0.660066 0.0330033
8 0.00526316 0.142087 0.701754 0.0350877
8 0.00547445 0.157524 0.729927 0.0364964
8 0.00564972 0.172905 0.753296 0.0376648
8 0.00578035 0.191293 0.770713 0.0385356
8 0.0075188 0.201108 0.75188 0.037594
8 0.00573614 0.214886 0.764818 0.0382409
8 0.00579151 0.229066 0.772201 0.03861
8 0.00754717 0.242315 0.754717 0.0377358
16 0.004 0.0198932 0.0015 0.000866025
16 0.007 0.0386419 0.053 0.00514782
16 0.00762829 0.0575806 0.277393 0.0138696
16 0.00992556 0.0750362 0.496278 0.0248139
16 0.0107858 0.0921089 0.616333 0.0308166
16 0.0140351 0.109996 0.701754 0.0350877
16 0.0143627 0.127099 0.718133 0.0359066
16 0.0166359 0.1427 0.739372 0.0369686
16 0.0185874 0.159266 0.743494 0.0371747
16 0.0202206 0.173354 0.735294 0.0367647
16 0.0212014 0.189262 0.706714 0.0353357
16 0.0230769 0.202995 0.769231 0.0384615
16 0.0256881 0.216476 0.733945 0.0366972
16 0.0255009 0.228602 0.728597 0.0364299
16 0.0268199 0.242332 0.766284 0.0383142
